0
0
0
0
0
0
0
0
0
0
0
0
0
0
0
0
0
0
0
0
0
0
0
0
0
0
0
0
0
0
0
0
0
0
0
0
0
0
0
0
0
0
0
0
0
0
0
0
0
0
0
0
0
0
0
0
0
0
0
0
0
0
0.07545973729
0.07042908814
0.06288311441
0.06036778983
0.004751169858
0.002147573845
0.0008150462014
0.005221836444
0.001015226465
0.004647404978
0.004380292633
0.002909727021
0.006608275774
0.007511425777
0.006078808066
0.002122834528
0.001204146788
0.002246710587
0.001841228847
0.001370318583
8.72E-05
0.004059031828
0.004733566826
0.005185439421
0.006012422757
0.007306686634
0.004039055554
0.002002871731
0.006058080614
0.003682637321
0.0008626895143
0.002699171763
0.001505714362
0.003949247018
0.00149096442
0.005418592743
0.003667519226
0.007111175977
0.005644647164
0.003905872819
0.00108551828
0.003398954123
0.005006667107
0.001608895264
0.00518518308
0.005572558
0.0008046397566
0.007104211737
0.004133777241
0.004133122192
2.68E-05
0.003477342067
0.0002960323224
0.001132554491
0.006481280144
0.002231887377
0.005597595074
0.0004946570872
0.001013327176
0.00527131064
0.005748234852
0.003058409385
0.004845547071
0.002799562516
0.002217516494
0.003823078118
0.002492212781
0.006992115824
0.005649905199
0.006043249995
0.003049167805
0.001962602656
0.004356747313
0.003973733338
0.006944588352
0.006078725695
0.001137001393
0.005492370533
0.0002846476377
0.00635993405
0.004016888455
0.001834086354
0.004271195908
0.004760221169
0.002904560731
0.006021124681
0.001232596653
0.006533260411
0.007013851175
0.002345146493
0.0008605305658
0.006248107794
0.003496239338
0.00411983072
0.001913490659
0.004260551849
0.006257711057
0.005925198267
0.007370128206
0.001425253043
0.000394011599
0.007195406935
0.004738050807
0.003458669128
0.001878318347
0.0009948849074
0.005998860747
0.002314878262
0.002287945504
0.001057685694
0.0005991699324
0.005811384661
0.006546157409
0.0009235309416
0.003435430317
0.005597776043
0.0003763758321
0.00612286926
0.005310554
0.007254442252
0.002662659329
0.007432054905
0.007119621598
0.006162554195
0.005295714188
0.002570637555
0.003581113562
0.005422019045
0.003352633994
0.004490258728
0.006616192962
0.006617124212
0.002470520753
0.007184385453
0.002694265363
0.003020309883
0.007215218035
0.004381893701
0.005651431404
0.003294447414
0.003517225133
0.001912395422
0.007070857574
0.006308221137
0.001497164141
0.003162057506
0.001853501029
0.005862589008
0.005818305251
0.0006817531695
0.003214214237
0.001624925958
0.00340815592
0.0008709010512
0.004689418477
0.002554386487
0.0001558228518
0.004128807748
0.006742517605
0.003573839981
0.005633909404
0.002780410425
0.001894188296
0.006819769284
0.005295653151
0.001937270466
0.0005495464229
0.004937440287
0.004635963948
0.00146958299
0.001703083532
0.004023165995
0.006421989913
0.006847229143
0.002805001084
0.0004776605041
0.006790761235
0.005770775237
0.002936963893
0.001589049581
0.001180359974
0.005651159656
0.006793437701
0.0006431343329
0.003411483807
0.004881373548
0.005516471315
0.006391093097
0.003211955416
0.00746416111
0.001544010671
0.001618555335
0.002682720496
0.00190220212